630
442
822
424
1156
1036
1072
596
272
890
1036
1072
1182
1148
1678
672
604
860
1142
922
702
374
930
880
1648
694
998
1968
626
646
566
850
824
696
984
942
1050
950
826
1106
1076
1048
1228
826
568
714
642
1136
1614
740
944
980
1650
1328
1672
1034
1048
656
550
610
1328
1672
1122
840
572
1080
1044
598
622
640
840
1382
672
646
910
310
684
962
912
1374
1644
1284
696
840
1006
1276
324
462
586
326
1096
284
1830
950
362
492
1624
1090
1208
1210
402
838
962
1372
904
594
846
756
606
880
582
846
1286
1926
610
1080
300
1056
1012
394
1090
616
1162
870
1014
324
580
808
1158
1008
874
614
898
572
1146
1020
458
566
930
1772
654
940
932
890
490
948
1360
584
830
298
730
492
1094
1608
458
592
356
522
1118
722
1152
738
800
1034
968
832
786
1128
404
688
1058
998
1590
612
1176
832
840
602
430
1152
1116
1330
1348
992
1196
486
982
672
528
1312
334
596
1734
830
292
1074
630
672
934
990
