724.0
944.0
2736.0
1056.0
616.0
388.0
600.0
1764.0
972.0
1008.0
572
2324.0
664.0
488.0
524.0
1240.0
1236.0
664.0
372.0
1788.0
608.0
1328.0
1172.0
776.0
1244.0
1300.0
1424.0
772.0
608.0
620.0
1364.0
768.0
732.0
1464.0
1200.0
716.0
896.0
1552.0
760.0
640.0
1232.0
1228.0
1272.0
824.0
1504.0
256.0
616.0
584.0
304.0
592.0
1164.0
784.0
1468.0
920.0
1944.0
556.0
876.0
1252.0
596.0
1316.0
908.0
1364.0
2200.0
452.0
452.0
1376.0
572.0
1268.0
648.0
952.0
308.0
656.0
1164.0
1292.0
1336.0
580.0
364.0
616.0
1240.0
640.0
2052.0
680.0
1096.0
2500.0
1340.0
1032.0
1332.0
912.0
1340.0
1204.0
1060.0
596.0
1128.0
792.0
1300.0
948.0
932.0
1444.0
1368.0
2004.0
