0.8118821959062056
0.7813274431228637
0.7771701103448867
0.7866905763474378
0.7773197531700134
0.7783596968650818
0.8009047038446774
0.785675019621849
0.7777938171950253
0.7956920354474674
0.7771331334114074
0.7358858925104141
0.705963061451912
0.6938855409622192
0.7135773915052414
0.7692054005102678
0.7642057657241821
0.7989438539743424
0.8130571067333221
0.8221668546308171
0.8076063859462739
0.8127653728831897
0.8116968619823456
0.9631772650913759
1.0174239778518677
0.9620878624374216
1.1646719229763205
1.1579719910296526
1.215753057003021
1.4240197789669038
1.599350048303604
1.5728896742517298
1.808229204524647
1.6193492402813652
1.4467277095534583
1.592383489933881
1.5329517924785614
1.7020518529415132
1.6350893461704255
1.7362454538995569
1.2356330772963438
1.910991986989975
1.8662393458323046
1.693610608577728
1.6870193924687127
1.5582297879999336
1.5828840507160533
1.531170463887128
1.5563464695757088
1.810950322151184
1.6703677170926874
1.7623507065122779
1.747037522359328
1.9871678495407106
2.0728785796598954
2.2155792760849
2.118845386505127
2.1862421948259527
2.0037066281925546
1.8264114003831688
1.786000875234604
1.97715150475502
1.952361611886458
2.0633385086059572
1.7681330595233222
1.6725963699817659
1.5531309755281968
1.3991139868172733
1.1565194857120515
0.964885087609291
0.8076629921523008
1.116312631097707
1.2334426975250246
0.6663216968016191
0.7006772461804477
0.913393422961235
1.132000471516089
1.009411937756972
0.799787192940712
0.8145599554885518
0.8488970396735451
0.9105354595184326
1.0014966468919406
0.894361310005188
0.8788268859819933
0.7754816728288477
0.9620477986335754
0.9359664760394529
0.9160839226029136
0.8088973361795598
0.9826365693590857
0.9395412970672955
0.8769840005311099
0.8992572273991325
1.058711613687602
0.6794027515162121
0.8010915657877922
0.8373759824037552
0.7945197111368179
0.9473241026293149
0.8434072083234787
0.6307180448011919
0.9698307549411601
0.7646678245067597
0.6319349990378728
0.781696195656603
0.8594672193310477
0.7843808290633288
0.7574833025173707
0.838492450226437
0.6943192461133003
0.5645417590845715
0.8150382882898504
0.692000772302801
0.77644670359113
0.7925391282276674
0.7942811009016904
0.6894778347015381
0.665925236940384
0.5933581414818764
1.0103399688005448
0.8079058061675592
0.7259338523853909
0.6677570888400078
0.5970441189408302
0.8562923443317414
0.858978646939451
0.5866243404150009
0.6740968197584152
0.7256141746044159
0.6597963541746139
0.8620359554615887
0.7908779177069664
0.7231775281646035
0.5231876993179321
0.5952499346570536
0.6382682418823242
0.7039997989481146
0.707184223966165
0.6179023951292038
0.7725581645965576
0.8433661011674187
0.5213674213940447
0.7279991766539486
0.5858245149254799
0.5815835872292519
0.5398053789138794
0.632436255812645
0.5881359368833629
0.6774966635487296
0.7776489651203156
0.7904530949213289
0.7073147821426392
0.4947588613629341
0.6822646075487137
0.5716005117784847
0.7696438050270081
0.5980865809321404
0.5826700671152635
0.6986511645533822
0.5160464546084405
0.687526911415837
0.5819854223728179
0.6407259339094162
0.5613469111377543
0.6219642787088047
0.7243546295436947
0.726951835155487
0.668880266547203
0.7481611078164794
0.6421598866852848
0.7085620481317694
0.5407603106173603
0.703756785176017
0.6688422355055809
0.6388131879676472
0.5057653642242604
0.5795465701818465
0.5709961894154548
0.7448597347465428
0.5093332314491271
0.6451071828603745
0.5649955621361733
0.6982209211587906
0.527117473997853
0.662757099866867
0.5359936034679413
0.7669442598115315
0.43535837642171166
0.666221406161785
0.5407928600365466
0.5375798293948173
0.48410619261589916
0.5931825453042985
0.4893869438767433
0.57146591397849
0.562127738893032
0.5909246436032383
0.47820632994174955
0.5193999668955803
0.6159038915417411
0.4751208262551915
0.6199055217883803
0.5012105342745781
0.5243896247040142
0.5747635531425476
0.5307752187414603
0.5036871980537068
0.530807144343853
0.5729149103164674
0.5538992795348167
0.4613782176375389
0.44356122583150864
0.4725605830550194
0.5023165678707037
0.42904105648398394
0.6406915399432183
0.5370577792958781
0.5061843582987786
0.5679053029417991
0.43846099417317996
0.5708745861053467
0.42766776274551044
0.7057569011504
0.579145691530271
0.602429908812046
0.4929914653301239
0.5552603477239608
0.5655719232559204
0.5291436486623504
0.42431110560894014
0.5127340605854988
0.4471215312860229
0.5072405371069908
0.5008627403324301
0.5711894372105598
0.5295515849644488
0.5100000806017355
0.42410028532147404
0.5626282873749733
0.5821177706122398
0.5779647950828075
0.4723679387569428
0.7046821162104606
0.6268608907406981
0.47178396955132484
0.6035959778861566
0.49709613829851157
0.5180260106921196
0.5597921407222748
0.4287615655227141
0.5500554423711517
0.3993941633267836
0.5402167531035164
0.38822926819324494
0.6696346834301949
0.38739636532284993
0.5049034791372039
0.4759727472066879
0.43539737278764895
0.3760737383365631
0.6248000568964265
0.4389489957690239
0.5090169668197633
0.4375548747181892
0.4007205381989479
0.4072948035326871
0.5949070151014761
0.34593892124566167
0.4403117330778729
0.39232547879219054
0.4768502128801563
0.5007349041646177
0.3509838737547398
0.5024500245939602
0.4000999031960964
0.4645087975399061
0.49554866194725034
0.41710559251633555
0.3556885582208633
0.4327056688070297
0.4044835366308689
0.37298972422426396
0.28725147153843533
0.38650127917528154
0.31844312354922294
0.5052973585779017
0.36489472836256026
0.3473126122355461
0.36765836879611014
0.3618879423629154
0.3824593887274916
0.34500439581545916
0.3534581832316789
0.3931246936863119
0.3365249928832054
0.33843336850404737
0.2953645898401737
0.46990905402736227
0.309555475115776
0.3335802559554577
0.3001198010891676
0.268883504555984
0.38327990055084227
0.33308749392628667
0.2645199076831341
0.3456990652734583
0.3414922491799701
0.3131952453743328
0.2556120139360428
0.32797498299316924
0.33071286527947946
0.31793588015166196
0.19915197014808655
0.3479406501352787
0.26484651734883136
0.3639428696984594
0.29837396517395975
0.2978290025212548
0.23844434604048728
0.3721684855493632
0.26836380153894424
0.3450036419928074
0.3005897898023779
0.24461476385593414
0.38289110630750656
0.3361158742010593
0.22643111877143382
0.37401234926147897
0.3600048480927944
0.28543603777885435
0.2880756264925003
0.33788292691111566
0.23043352077630436
0.340687602636489
0.21648075047541748
0.2872615359994498
0.2597926886379719
0.3292564887892116
0.2771447482705116
0.18062785461544992
0.30769694164395334
0.25676034271717074
0.33434815790165556
0.29716994861310175
0.32495510458946225
0.21664317950606346
0.2868346448242664
0.2581100155413151
0.28075276270508764
0.31957900739528916
0.2734531365334988
0.22560121178627013
0.24415669042955745
0.29300881102681164
0.24000984147191048
0.2517251452735879
0.3063583396375179
0.26632432391697713
0.23728812198069965
0.31719044372439387
0.24082819014787674
0.3349855363368988
0.24078143790364265
0.38474781453609463
0.3604833302579143
0.2744840177893639
0.3252517048472708
0.2788056798685681
0.3104804764688015
0.33306372553110125
0.3137929080426693
0.28241092960942876
0.3244291814348914
0.29176901489496226
0.29174249187111856
0.21837071254849433
0.3491241440176964
0.19506282851099968
0.3224029357731343
0.22138170406222343
0.18405592650175095
0.2851492626965046
0.20641587831757285
0.21694882384755393
0.1719951657950878
0.2522860532999039
0.19839221868325363
0.2588440717756748
0.21211225653236562
0.27794815979897974
0.18233266841281542
0.26459470880302516
0.17761732066219504
0.19371386513113975
0.1557677643678405
0.2231849344074726
0.1426103288680315
0.2251960124820471
0.1910353261706504
0.25612260863184927
0.2163151017576456
0.27906462192535403
0.2229497301578522
0.19538309365510942
0.2707519588822668
0.26144621607254853
0.13322783432900903
0.22152526259422303
0.16036480106413364
0.25263879132541744
0.15909859883514318
0.2196806464344263
0.20770692113448272
0.1852631060304967
0.1584261741489172
0.24959536448121072
0.2226783375442028
0.19205656043507835
0.23711228258907796
0.1658469720929861
0.2712660321593285
0.14278637297451496
0.25059859916567806
0.1676707025617361
0.2619302645190195
0.14907814178954473
0.2191884530606595
0.18134400887922808
0.23776394756002858
0.1589151892201467
0.24183483664962377
0.17200324326753616
0.24561121456325052
0.15132026083767414
0.25678879780525515
0.16103937931358814
0.2303335739672184
0.2006213157624006
0.209783970171755
0.18254936188459395
0.16697620086371898
0.2262025322020054
0.2615101676772941
0.24399727284230968
0.17494297921657562
0.20785218882289802
0.2640918702158061
0.17227031031792814
0.20922493902797049
0.12391617928038945
0.23197077484293416
0.20685572907328603
0.21128849186003207
0.1648128970170563
0.23341751553118228
0.16810205413536594
0.22563730639490212
0.16568266223777423
0.19614923396571116
0.16741820985620673
0.2374759577146985
0.1720188917084174
0.22344014324247838
0.1962121684849262
0.1569849183613604
0.20963719725608826
0.22096808537163518
0.2295076567205516
0.15083721009167755
0.1789999792724848
0.1411304347962141
0.22387106121263722
0.17263259142637255
0.1709850884974003
0.16145406559109687
0.21792366869070312
0.17143204674124718
0.23256959885358808
0.16086929038167
0.21208835273981094
0.1401041396775029
0.2156055754016746
0.1500544164329767
0.22265583112835885
0.14677476756952026
0.16653928577899932
0.17225854860788042
0.15056246571242807
0.16669266924262047
0.19880480378866197
0.1830382772941481
0.1723107296973467
0.13306904517114163
0.21493377262895758
0.17258577083322132
0.14628066167235373
0.1783145465972749
0.16400231318040326
0.16544576704502106
0.2320244814455509
0.15835971638560295
0.1748520375788212
0.17283460833809594
0.2224004623090679
0.17541504597799346
0.19536486821418458
0.21757491052150726
0.17750597342848776
0.16433607436716557
0.16445347934961319
0.18558202740143648
0.17843630659986626
0.19492134441028944
0.17170228935778142
0.17481953116303142
0.1969227991659533
0.13350567941638555
0.17964318953454494
0.13886934482915833
0.19342244707725267
0.15020274200900033
0.16720626511357048
0.14620894127271394
0.1875406158444556
0.13750045841390438
0.1639380493015051
0.16054608419537544
0.201591762968085
0.14434734503653918
0.22042409777641297
0.18457662776112557
0.1774206833134998
0.16625973922285164
0.14871814507652412
0.17782343566417694
0.16064214592630213
0.16174896508455278
0.13781287058510563
0.21319479882717132
0.18806098893284798
0.17494194857776163
0.1551647429371422
0.20461227715015412
0.15558455273509025
0.16402685455977917
0.1684033367037773
0.1816607028245926
0.16941304810345173
0.14307447507977486
0.1402793034911156
0.2097384475036101
0.13661728754639624
0.1674462955445051
0.1519259861111641
0.1553923161327839
0.21378601087765262
0.15277870837937702
0.16392481231553988
0.15733912759883836
0.16966172817078506
0.17821481086313726
0.138132485632192
0.18562292898243124
0.13276131839237432
0.16267823797057976
0.11386525478214025
0.19385899677872656
0.16099328903312032
0.1442193840444088
0.1716069288009947
0.12405373101884669
0.16943964254111052
0.15039677828550338
0.16284497609870002
0.11887818574905396
0.1733132421428507
0.13329355046153069
0.17065024130723694
0.13528405264019966
0.17965634817426857
0.158766442889517
0.19055950619280337
0.1717910584062338
0.16541642878543247
0.10426003448665142
0.1754374016414989
0.15134996630251407
0.1466613891720772
0.17309445709667423
0.10229326490651477
0.17423065279017796
0.1497327920794487
0.16553110015663233
0.1637244415283203
0.1996842089769515
0.16586107581853865
0.18961106367409228
0.13743649587035178
0.17249551981687547
0.10667437545955182
0.161301426271146
0.20300184649499978
0.14913105956532738
0.16257649295032023
0.15082281049679627
0.11897654637694359
0.1776696658473123
0.13895486958324907
0.19456297516822815
0.13687791578471661
0.1543594819307327
0.1576380097121
0.16830156196247448
0.16527923483062873
0.13347997235303577
0.2157883405956355
0.15666285708546637
0.16054149515926838
0.13287155918776988
0.13836872545832937
0.16609063133597374
0.1593334937231107
0.12699474669992925
0.15497249476611613
0.15048189808699217
0.1908777965605259
0.16900460936129091
0.13275069570676848
0.18029401369392872
0.14026085302233696
0.18125305496156216
0.1716678546369076
0.16686572469770908
0.17020071230828762
0.18602009139955045
0.13031301073729992
0.16000590272247792
0.12401675069196659
0.1830679411847483
0.1313611026853323
0.20417804963886738
0.14015402622520923
0.11655524921688167
0.18766627178950743
0.095019604973495
0.15621501582590017
0.12598038017749785
0.10829580433666706
0.15301020808517932
0.10964414008639076
0.14456855669617652
0.13706826008856296
0.17338998228988867
0.14428378321230412
0.13980981712991541
0.12993584387004375
0.16460973405025223
0.09007316422056069
0.1823948906158859
0.13636223505166445
0.17364935423162853
0.1813248807936907
0.1588462060689926
0.14964989840984344
0.16926049277186392
0.10828588016331195
0.18109013825654982
0.10763271667063237
0.12687004933303053
0.15156049882146444
0.17076552249491217
0.13203487224876878
0.13216208960522305
0.16892171117392454
0.1917272662371397
0.1379958382723006
0.13669675319032237
0.14965404144064948
0.1515972552448511
0.11671288541094822
0.16946498773992064
0.12727237075567246
0.1591069134324789
0.13551173747263173
0.12631962620399217
0.16287107929587366
0.18562109403312205
0.105503568012606
0.16924034317108716
0.15428632266819478
0.16824132638221437
0.12797717951238155
0.1594186397641897
0.12933495842597703
0.13019597589969636
0.13826669923961163
0.146617995724082
0.1408148829638958
0.1436739782989025
0.14682286792180757
0.13275856509804726
0.14280279010534286
0.20743972174823283
0.15074583292007449
0.11938783266327598
0.16892569541931152
0.10713456105440854
0.1728638119250536
0.14182579144835472
0.15705849386751652
0.11627046471630985
0.13272721610963345
0.12175449818372726
0.14030019856989384
0.09447110861539841
0.14789618878202004
0.12581463817845692
0.12302417077124118
0.1134928475794467
0.12262346550822258
0.09992836967110634
0.18959796967831527
0.10886298617856069
0.16817499479786918
0.14705636121332644
0.15725269514051352
0.09798991563645276
0.16788886673748493
0.1085142333805561
0.12734801750968805
0.12677727252244947
0.14756560010666198
0.10137777239084243
0.13468616776845674
0.14496035233139992
0.1248093894124031
0.13783625581725076
0.10547639161348343
0.18609660307114775
0.1434290087968111
0.17391061770645055
0.13130808191543275
0.12817766793072224
0.1068266889046539
0.1267811503261328
0.11392127439379693
0.14111405689607967
0.11289863255213609
0.12049533451822671
0.11194328941404819
0.12658407904207708
0.1290852213312279
0.12969393476843832
0.1262571211159229
0.11642575822770596
0.12239177942953326
0.12603186621584675
0.15174251697957514
0.12263245090842247
0.13058126986026763
0.18007984909144317
0.14257315541532908
0.10484374836087226
0.14579674489796163
0.14783306835727258
0.18224391822787847
0.12194240863350304
0.153962103467096
0.15093922495164652
0.13968754045665266
0.12413364743644541
0.11261681992560625
0.1196091728657484
0.1493653654442592
0.14568412497639657
0.13621422344310716
0.11847853405909105
0.1153561656922102
0.14154966704547406
0.11589498787441037
0.09047808159481396
0.12747452310540458
0.1413971134275198
0.15272832587361335
0.10435892768204212
0.17649679765105247
0.11824183451858433
0.13676879078149795
0.11883318180387671
0.14947790510952474
0.1131915559619665
0.11149787038564682
0.12278226569294928
0.1256428898870945
0.0985474893450737
0.12092579819262028
0.13586365185678004
0.1487111024558544
0.132487492127852
0.16941287510097025
0.08719400972466577
0.1464008903503418
0.11197571396827698
0.11912025175988675
0.11270302579822866
0.2078969877145507
0.13115000652995978
0.1483282070606947
0.12320565720173446
0.12064384757117791
0.12303335264325142
0.15658225134015083
0.16572840039702977
0.11353565856814384
0.17180367560549215
0.08984115891158581
0.15742218609899283
0.09116223469376564
0.1334112384170294
0.12422018250958486
0.08820175353437662
0.14193864765492353
0.11555511392652988
0.13633716635406018
0.1426077626035972
0.1103105460039594
0.12751404114067555
0.11163367565721273
0.19097543058747596
0.1189776849746704
0.13570253877477212
0.10794599331915379
0.11228302507237954
0.10723968252539635
0.15634179779751733
0.10792460243132981
0.15985310599207878
0.12443280690434304
0.11117554128170014
0.12858094476163387
0.09922602258622647
0.13306129433214664
0.1241365240717476
0.13650730640373449
0.09660208381712436
0.13993556901812554
0.08616775833070278
0.15069931872189044
0.125583818256855
0.11770175940949808
0.17066277645528316
0.1533163071423769
0.13323134555058047
0.13555242776870727
0.1591287624598904
0.12761587843298913
0.13071742762218821
0.1285098548233509
0.12180814169347286
0.15925691775977613
0.1256147048419172
0.14919443310661748
0.16990513421595096
0.1579665394127369
0.2130352436006069
0.22132551111280918
0.18421765565872192
0.14945372637699952
0.19660442009568213
0.15081649489700794
0.1622450289130211
0.12406583279371262
0.1836833569407463
0.11454088038680228
0.13676840295845813
0.11907533566382798
0.14556023776531218
0.1158862640708685
0.11207991510629654
0.14227494239807129
0.1163026519052007
0.1319090048968792
0.1033779526501894
0.10604345465248281
0.13262915521860122
0.11855427815832875
0.11552696742117405
0.13125617802143097
0.07791017654605888
0.13839563243091108
0.11711263373494149
0.17414100274443625
0.11236037828028202
0.1605177775025368
0.13158350206911565
0.13827049858868123
0.15831141938540066
0.13056817232207818
0.1505363705009222
0.11625462817197496
0.12099605329334735
0.11304686520248652
0.13124108254909514
0.10105517680672083
0.13414254404604437
0.13317097383466636
0.08674782032993707
0.11056938752532004
0.09766457319259643
0.11663790687918663
0.097472775131464
0.10132830050181259
0.1065914884954691
0.11710906547578899
0.12767193876206873
0.131814905628562
0.1257579754292965
0.11667836330831051
0.09842874276028438
0.11125709583813494
0.1372776289758357
0.11096064027060161
0.09848755069077016
0.14030806062573736
0.10422515284270048
0.11922000408172607
0.16976842269301415
0.11416704538193616
0.1117954608052969
0.12333965846760707
0.11561734160239046
0.1262142134254629
0.11380058370530605
0.1022127447717569
0.1259380475431681
0.10479898765683174
0.13203838505189527
0.09663668755780568
0.09467092428695073
0.12906965124336156
0.114377948242155
0.14689846596595918
0.11108136422932148
0.14027373790740966
0.11961403812874447
0.13509499981999398
0.09261923273855989
0.09183191254734993
0.13244494646787644
0.11909077919342302
0.11417442817579616
0.11885523714802482
0.12171579591929912
0.11967100850560448
0.10611814700067043
0.12292467087507249
0.10859343792565845
0.10939139158888297
0.11540857210416686
0.11931340784850446
0.1061157652600245
0.09937605775892734
0.10288271326571703
0.10916368589482524
0.10883108340203762
0.0867260929942131
0.11692157726396213
0.10607119759375398
0.11245198857377876
0.12608656749129296
0.11149151690304279
0.15768353814767166
0.1316265917569399
0.11166853196918963
0.11702571248804981
0.16888181727040896
0.10463421888649463
0.11815801262855528
0.11614766746759415
0.09451174713671208
0.0894417055696249
0.11534842684864997
0.10620304729789495
0.08917935367673636
0.09375852953642606
0.12852594271302223
0.12276802450418473
0.10908610533245586
0.10356653038412332
0.12612254865467548
0.0875512719154358
0.1279543049633503
0.1252667858451605
0.11161334916271948
0.10808125041425228
0.09226772524416446
0.11185541614212774
0.10118941392749548
0.09904955862597985
0.10470212099904364
0.11039070390842178
0.10901655480265618
0.13873522281985393
0.10420421476391228
0.14121206156909466
0.12236732125282287
0.08420738138258457
0.1064425315335393
0.09060787975788116
0.07520391706715931
0.1255304868112911
0.09282278495756062
0.11452842534265735
0.10445965040136466
0.11302042539146813
0.1108132566511631
0.08157148439437152
0.10716235974972899
0.1101599293473092
0.13753716612742706
0.11275148458778858
0.11921965040266513
0.10159900043498386
0.1012679711356759
0.10672410361468793
0.10857111632823944
0.11572773222557522
0.11051884967833757
0.13084020629525184
0.1124609759212895
0.13587381179359828
0.10201645597815513
0.1267260617762804
0.09134789049625397
0.1203373496979475
0.09905965866013007
0.12184587769210338
0.14666492730379105
0.11944260366261004
0.10858494143933058
0.10400415860116481
0.1276673007688739
0.11218820929527283
0.11194728444923054
0.10204647832973437
0.09355272654782643
0.11050447705794464
0.13581464203921234
0.12450113639912821
0.1166799022257328
0.12369156505912543
0.13058637142181398
0.10209084692326459
0.1291102123260498
0.14446537670086732
0.10593249186873435
0.12235777766867119
0.13342491950501095
0.12083556734025479
0.11978289283812045
0.15084349282085896
0.0941812527179718
0.11743294998326086
0.09220188528976657
0.11215615587816996
0.12409163829955187
0.09953096303072842
0.1135786698013544
0.09397831343114375
0.11496636092662811
0.09086149261417714
0.12772526411508972
0.09797204081985084
0.09913843229413032
0.11109382174909116
0.09659044034779073
0.12678969383239744
0.08927380733191967
0.1166266663914377
0.10088667199015618
0.11145857455378229
0.09900009199976921
0.11361931666731834
0.11318528087979014
0.09935043878853321
0.09693551147525961
0.12829339116811753
0.10552983060479164
0.14034595148807222
0.14928676933727483
0.1321903069317341
0.11459681948477571
0.11120970079167324
0.13924784572964366
0.10195758350193501
0.11195530277084222
0.08928223751485348
0.14357937678694727
0.08220428843051195
0.10471686378121377
0.12539774402976037
0.10075888268649578
0.1130547807365656
0.12040470853447914
0.11762654766440392
0.11687004871666432
0.17025964982807637
0.12342786821452054
0.11847461827776648
0.11429768186062575
0.12631874620914457
0.09967208644883199
0.10976105790585279
0.09659027807414532
0.10354069266468285
0.10475909784436226
0.11245216780765491
0.11865691356360912
0.09622783854603768
0.13229525238275527
0.08448576601730151
0.12420894473791122
0.11782593503594399
0.10367469012737274
0.14476935803890228
0.11020172908902168
0.14011497493833303
0.13137617231769994
0.15501215265555815
0.1487752414494753
0.12620163148099725
0.11818009257316589
0.11728315458717671
0.10498972825706004
0.1386522303521633
0.1095695947855711
0.14127358697354794
0.10466657772660255
0.12103947959840297
0.0973745400661772
0.10791600555181503
0.11987775184214114
0.11474559366703034
0.13029048956930636
0.11074429540471596
